i_source,j_destination,dij_distance
1,1,0
1,2,814.27
1,3,264.28
1,4,2677.21
1,5,1457.23
1,6,1464.52
1,7,401.97
1,8,2449.71
1,9,2836.71
1,10,1166.18
1,11,557.07
1,12,2664.87
1,13,307.69
1,14,1702.78
1,15,2833.23
1,16,1396.95
1,17,1396.95
1,18,1724.27
1,19,695.35
1,20,1162.83
1,21,329.73
1,22,2805.82
1,23,85.94
1,24,403.34
1,25,2680.09
1,26,2695.35
1,27,778.8
1,28,816.51
1,29,86.12
1,30,1658.32
1,31,317.29
1,32,1689.72
1,33,2677.84
1,34,1479.31
1,35,2144.83
1,36,996.79
1,37,2833.23
1,38,2777.08
1,39,2678.18
1,40,2188.62
1,41,1384.96
1,42,405.61
1,43,1127.69
1,44,2320.91
1,45,2870.51
1,46,52.38
1,47,225.19
1,48,1413.85
1,49,1413.84
1,50,407.02
2,1,814.27
2,2,0
2,3,659.27
2,4,2370.23
2,5,1004.07
2,6,1013.67
2,7,1043.11
2,8,2461.97
2,9,2666.15
2,10,1396.46
2,11,1363.83
2,12,2650.02
2,13,1060.77
2,14,1687.4
2,15,2880.03
2,16,930.3
2,17,930.3
2,18,1319.3
2,19,946.49
2,20,1396.22
2,21,1123.49
2,22,2524.34
2,23,806.58
2,24,1042.45
2,25,2375.12
2,26,2381.77
2,27,1024.28
2,28,2.6
2,29,847.99
2,30,1375.23
2,31,841.9
2,32,1674.24
2,33,2369.57
2,34,1024.72
2,35,2164.21
2,36,188.97
2,37,2880.03
2,38,2713.53
2,39,2372.54
2,40,2191.35
2,41,1126.97
2,42,1207.28
2,43,315.04
2,44,2009.47
2,45,2699.18
2,46,867.95
2,47,1030.44
2,48,899.26
2,49,912.11
2,50,1049.27
3,1,264.28
3,2,659.27
3,3,0
3,4,2525.96
3,5,1209.01
3,6,1216.37
3,7,414.19
3,8,2343.69
3,9,2710.06
3,10,1071.94
3,11,804.89
3,12,2552.49
3,13,446.42
3,14,1588.32
3,15,2731.94
3,16,1151.21
3,17,1151.21
3,18,1499.42
3,19,605.84
3,20,1069.22
3,21,567.45
3,22,2647.69
3,23,206.96
3,24,414.79
3,25,2529.23
3,26,2536.42
3,27,685.79
3,28,661.19
3,29,223.59
3,30,1496
3,31,195.51
3,32,1574.45
3,33,2526.44
3,34,1231.02
3,35,2040.97
3,36,844.03
3,37,2731.94
3,38,2674.26
3,39,2527.15
3,40,2083.24
3,41,1230.99
3,42,649.83
3,43,978.12
3,44,2168.58
3,45,2755.99
3,46,293.27
3,47,478.28
3,48,1168.93
3,49,1166.45
3,50,421.14
4,1,2677.21
4,2,2370.23
4,3,2525.96
4,4,0
4,5,1372.18
4,6,1362.23
4,7,2524.13
4,8,826.45
4,9,357.88
4,10,1868.51
4,11,3113.73
4,12,459.89
4,13,2781.22
4,14,1002.14
4,15,985.18
4,16,1448.44
4,17,1448.44
4,18,1063.43
4,19,2094.77
4,20,1873.66
4,21,2919.16
4,22,205.59
4,23,2647.49
4,24,2517.09
4,25,8.52
4,26,19.65
4,27,1987.54
4,28,2368.46
4,29,2618.87
4,30,1090.95
4,31,2403.84
4,32,1015.94
4,33,5.82
4,34,1351.61
4,35,668.37
4,36,2490.78
4,37,985.18
4,38,420.86
4,39,5.22
4,40,708.66
4,41,1301.76
4,42,2975.65
4,43,2629.34
4,44,364.68
4,45,385.7
4,46,2696.77
4,47,2843.14
4,48,1533.56
4,49,1473.83
4,50,2525.15
5,1,1457.23
5,2,1004.07
5,3,1209.01
5,4,1372.18
5,5,0
5,6,9.72
5,7,1378.2
5,8,1551.11
5,9,1663.14
5,10,952.78
5,11,1996.54
5,12,1658.78
5,13,1605.76
5,14,782.11
5,15,1970.48
5,16,94.86
5,17,94.86
5,18,321.02
5,19,988.97
5,20,956.27
5,21,1753.56
5,22,1519.39
5,23,1406.22
5,24,1372.51
5,25,1377.32
5,26,1387.64
5,27,928.08
5,28,1002.26
5,29,1432.22
5,30,364.44
5,31,1234.46
5,32,772.25
5,33,1371.4
5,34,24.72
5,35,1219.01
5,36,1122.23
5,37,1970.48
5,38,1713.51
5,39,1374.65
5,40,1273.15
5,41,206.99
5,42,1828.48
5,43,1265.68
5,44,1011.05
5,45,1696.39
5,46,1492.26
5,47,1672.65
5,48,186.64
5,49,103.26
5,50,1381.67
6,1,1464.52
6,2,1013.67
6,3,1216.37
6,4,1362.23
6,5,9.72
6,6,0
6,7,1383.8
6,8,1541.51
6,9,1652.8
6,10,952.37
6,11,2002.72
6,12,1648.18
6,13,1612.26
6,14,773.47
6,15,1960.76
6,16,101.97
6,17,101.97
6,18,311.32
6,19,993.79
6,20,955.89
6,21,1760.31
6,22,1509.04
6,23,1413.21
6,24,1378.09
6,25,1367.36
6,26,1377.72
6,27,931.55
6,28,1011.86
6,29,1439.2
6,30,354.96
6,31,1240.94
6,32,763.7
6,33,1361.44
6,34,17.08
6,35,1209.09
6,36,1132.79
6,37,1960.76
6,38,1703
6,39,1364.69
6,40,1263.09
6,41,202.79
6,42,1835.05
6,43,1275.81
6,44,1000.89
6,45,1686.15
6,46,1499.36
6,47,1679.55
6,48,200.92
6,49,115
6,50,1387.24
7,1,401.97
7,2,1043.11
7,3,414.19
7,4,2524.13
7,5,1378.2
7,6,1383.8
7,7,0
7,8,2214.64
7,9,2617.96
7,10,782.26
7,11,653.47
7,12,2431.58
7,13,294.99
7,14,1520.95
7,15,2448.75
7,16,1320.11
7,17,1320.11
7,18,1588.24
7,19,455.37
7,20,778.68
7,21,465.3
7,22,2606.81
7,23,339.75
7,24,7.51
7,25,2526.3
7,26,2532.93
7,27,544.72
7,28,1044.93
7,29,365.78
7,30,1521.34
7,31,219.48
7,32,1508.01
7,33,2525.21
7,34,1398.77
7,35,1914.68
7,36,1229.69
7,37,2448.75
7,38,2546.31
7,39,2524.63
7,40,1956.12
7,41,1251.8
7,42,453.63
7,43,1356.81
7,44,2180.4
7,45,2635.69
7,46,376.74
7,47,408.48
7,48,1355.78
7,49,1334.47
7,50,6.14
8,1,2449.71
8,2,2461.97
8,3,2343.69
8,4,826.45
8,5,1551.11
8,6,1541.51
8,7,2214.64
8,8,0
8,9,601.64
8,10,1418.87
8,11,2752.77
8,12,419.62
8,13,2543.88
8,14,819.23
8,15,419.17
8,16,1593.92
8,17,1593.92
8,18,1252.49
8,19,1792.62
8,20,1423.13
8,21,2631.43
8,22,702.87
8,23,2403.75
8,24,2207.39
8,25,821.33
8,26,835.44
8,27,1675.82
8,28,2460.87
8,29,2391.03
8,30,1214.01
8,31,2131.24
8,32,832.9
8,33,830.6
8,34,1537.85
8,35,333.48
8,36,2619.82
8,37,419.17
8,38,528.79
8,39,822.7
8,40,301.66
8,41,1419.83
8,42,2674.93
8,43,2754.49
8,44,924.82
8,45,631.99
8,46,2453.99
8,47,2560.37
8,48,1741.65
8,49,1663.62
8,50,2213.81
9,1,2836.71
9,2,2666.15
9,3,2710.06
9,4,357.88
9,5,1663.14
9,6,1652.8
9,7,2617.96
9,8,601.64
9,9,0
9,10,1933.61
9,11,3208.17
9,12,188.4
9,13,2882.41
9,14,1126.93
9,15,638.06
9,16,1736.06
9,17,1736.06
9,18,1344.92
9,19,2209.24
9,20,1938.53
9,21,3041.03
9,22,159.43
9,23,2792.48
9,24,2610.75
9,25,350.64
9,26,339.45
9,27,2080.66
9,28,2664.59
9,29,2778.73
9,30,1343
9,31,2533.89
9,32,1142.48
9,33,361.54
9,34,1644.2
9,35,698.76
9,36,2782.67
9,37,638.06
9,38,73.4
9,39,353.44
9,40,730.09
9,41,1565.36
9,42,3056.63
9,43,2929.09
9,44,726.17
9,45,53.78
9,46,2849.34
9,47,2961.57
9,48,1848.82
9,49,1772.79
9,50,2618.07
10,1,1166.18
10,2,1396.46
10,3,1071.94
10,4,1868.51
10,5,952.78
10,6,952.37
10,7,782.26
10,8,1418.87
10,9,1933.61
10,10,0
10,11,1399.27
10,12,1750.89
10,13,1095.39
10,14,866.35
10,15,1668.99
10,16,926.29
10,17,926.29
10,18,1117.11
10,19,520.25
10,20,6.31
10,21,1224.63
10,22,1932.05
10,23,1115.16
10,24,775.69
10,25,1869.54
10,26,1878.99
10,27,388.75
10,28,1396.58
10,29,1106.58
10,30,1006.25
10,31,849.79
10,32,853.75
10,33,1870.32
10,34,963.31
10,35,1229.04
10,36,1549.65
10,37,1668.99
10,38,1867.67
10,39,1868.24
10,40,1280.98
10,41,792.36
10,42,1227.5
10,43,1708.08
10,44,1628.04
10,45,1959.82
10,46,1164.41
10,47,1169.28
10,48,1058.48
10,49,978.3
10,50,781.38
11,1,557.07
11,2,1363.83
11,3,804.89
11,4,3113.73
11,5,1996.54
11,6,2002.72
11,7,653.47
11,8,2752.77
11,9,3208.17
11,10,1399.27
11,11,0
11,12,3021.26
11,13,441.04
11,14,2111.02
11,15,2988.3
11,16,1941.91
11,17,1941.91
11,18,2223.91
11,19,1063.94
11,20,1394.65
11,21,264.51
11,22,3200.28
11,23,586.04
11,24,660.64
11,25,3115.49
11,26,3130.59
11,27,1136.9
11,28,1366.13
11,29,579.77
11,30,2152.57
11,31,811.8
11,32,2098.16
11,33,3115.04
11,34,2018.1
11,35,2501.05
11,36,1545.89
11,37,2988.3
11,38,3141.86
11,39,3113.97
11,40,2551.38
11,41,1884.25
11,42,206.63
11,43,1677.28
11,44,2811.64
11,45,3229.33
11,46,504.89
11,47,347.76
11,48,1962.01
11,49,1959.48
11,50,650.6
12,1,2664.87
12,2,2650.02
12,3,2552.49
12,4,459.89
12,5,1658.78
12,6,1648.18
12,7,2431.58
12,8,419.62
12,9,188.4
12,10,1750.89
12,11,3021.26
12,12,0
12,13,2699.62
12,14,988.68
12,15,553.63
12,16,1722.39
12,17,1722.39
12,18,1342.11
12,19,2024.7
12,20,1755.62
12,21,2855.78
12,22,331.88
12,23,2627.98
12,24,2424.51
12,25,453.16
12,26,479.24
12,27,1897.34
12,28,2648.55
12,29,2605.6
12,30,1330.21
12,31,2350.06
12,32,1003.98
12,33,464.02
12,34,1640.6
12,35,517.35
12,36,2776.82
12,37,553.63
12,38,117.82
12,39,455.46
12,40,549.09
12,41,1555.79
12,42,2877.16
12,43,2923.26
12,44,755.15
12,45,233.97
12,46,2675.15
12,47,2779.86
12,48,1849.35
12,49,1765.72
12,50,2431.45
13,1,307.69
13,2,1060.77
13,3,446.42
13,4,2781.22
13,5,1605.76
13,6,1612.26
13,7,294.99
13,8,2543.88
13,9,2882.41
13,10,1095.39
13,11,441.04
13,12,2699.62
13,13,0
13,14,1788.19
13,15,2757.9
13,16,1547.73
13,17,1547.73
13,18,1826.64
13,19,713.26
13,20,1091.4
13,21,229.33
13,22,2874.38
13,23,282.9
13,24,290.08
13,25,2783.55
13,26,2798.97
13,27,807.36
13,28,1062.96
13,29,205.52
13,30,1758.13
13,31,409.63
13,32,1774.9
13,33,2782.23
13,34,1627.6
13,35,2181.01
13,36,1241.88
13,37,2757.9
13,38,2816.22
13,39,2781.81
13,40,2228.26
13,41,1489.84
13,42,227.84
13,43,1370.15
13,44,2427
13,45,2907.02
13,46,248.92
13,47,134.77
13,48,1585.68
13,49,1564.28
13,50,295.34
14,1,1702.78
14,2,1687.4
14,3,1588.32
14,4,1002.14
14,5,782.11
14,6,773.47
14,7,1520.95
14,8,819.23
14,9,1126.93
14,10,866.35
14,11,2111.02
14,12,988.68
14,13,1788.19
14,14,0
14,15,1237.95
14,16,824.42
14,17,824.42
14,18,545.78
14,19,1085.37
14,20,871.54
14,21,1943.28
14,22,1115.93
14,23,1663.11
14,24,1514.17
14,25,1003.77
14,26,1013.2
14,27,987.06
14,28,1686.2
14,29,1647.8
14,30,451.12
14,31,1425.89
14,32,13.03
14,33,1003.66
14,34,772.24
14,35,496.15
14,36,1841.77
14,37,1237.95
14,38,1110.35
14,39,1002.24
14,40,550.73
14,41,617.41
14,42,1963.5
14,43,1981.23
14,44,778.69
14,45,1185.92
14,46,1716.71
14,47,1862.91
14,48,974.89
14,49,900.32
14,50,1521.64
15,1,2833.23
15,2,2880.03
15,3,2731.94
15,4,985.18
15,5,1970.48
15,6,1960.76
15,7,2448.75
15,8,419.17
15,9,638.06
15,10,1668.99
15,11,2988.3
15,12,553.63
15,13,2757.9
15,14,1237.95
15,15,0
15,16,2012.9
15,17,2012.9
15,18,1671.31
15,19,2193.44
15,20,1672.53
15,21,2888.92
15,22,792.95
15,23,2781.05
15,24,2441.9
15,25,978.25
15,26,961.69
15,27,2050.48
15,28,2879
15,29,2772.42
15,30,1636.19
15,31,2510.43
15,32,1251.2
15,33,989.39
15,34,1956.84
15,35,752.63
15,36,3033.83
15,37,0
15,38,568.2
15,39,980.64
15,40,731.04
15,41,1841.35
15,42,2885.13
15,43,3179.96
15,44,1268.46
15,45,642.97
15,46,2832.96
15,47,2835.65
15,48,2155.44
15,49,2078.81
15,50,2447.37
16,1,1396.95
16,2,930.3
16,3,1151.21
16,4,1448.44
16,5,94.86
16,6,101.97
16,7,1320.11
16,8,1593.92
16,9,1736.06
16,10,926.29
16,11,1941.91
16,12,1722.39
16,13,1547.73
16,14,824.42
16,15,2012.9
16,16,0
16,17,0
16,18,391.99
16,19,947.16
16,20,929.59
16,21,1699.88
16,22,1591.46
16,23,1353.91
16,24,1314.38
16,25,1453.37
16,26,1463.46
16,27,895.01
16,28,928.56
16,29,1375.74
16,30,440.18
16,31,1176.62
16,32,813.34
16,33,1447.8
16,34,118.36
16,35,1268.43
16,36,1055.58
16,37,2012.9
16,38,1779.17
16,39,1450.76
16,40,1325.83
16,41,239.33
16,42,1768.12
16,43,1203.36
16,44,1089.95
16,45,1769.35
16,46,1433.16
16,47,1615.45
16,48,151.54
16,49,63.82
16,50,1323.77
17,1,1396.95
17,2,930.3
17,3,1151.21
17,4,1448.44
17,5,94.86
17,6,101.97
17,7,1320.11
17,8,1593.92
17,9,1736.06
17,10,926.29
17,11,1941.91
17,12,1722.39
17,13,1547.73
17,14,824.42
17,15,2012.9
17,16,0
17,17,0
17,18,391.99
17,19,947.16
17,20,929.59
17,21,1699.88
17,22,1591.46
17,23,1353.91
17,24,1314.38
17,25,1453.37
17,26,1463.46
17,27,895.01
17,28,928.56
17,29,1375.74
17,30,440.18
17,31,1176.62
17,32,813.34
17,33,1447.8
17,34,118.36
17,35,1268.43
17,36,1055.58
17,37,2012.9
17,38,1779.17
17,39,1450.76
17,40,1325.83
17,41,239.33
17,42,1768.12
17,43,1203.36
17,44,1089.95
17,45,1769.35
17,46,1433.16
17,47,1615.45
17,48,151.54
17,49,63.82
17,50,1323.77
18,1,1724.27
18,2,1319.3
18,3,1499.42
18,4,1063.43
18,5,321.02
18,6,311.32
18,7,1588.24
18,8,1252.49
18,9,1344.92
18,10,1117.11
18,11,2223.91
18,12,1342.11
18,13,1826.64
18,14,545.78
18,15,1671.31
18,16,391.99
18,17,391.99
18,18,0
18,19,1188.53
18,20,1121.93
18,21,1984.56
18,22,1196.96
18,23,1694.4
18,24,1581.94
18,25,1068.56
18,26,1080.4
18,27,1130.09
18,28,1317.55
18,29,1667.85
18,30,106
18,31,1456.96
18,32,540.58
18,33,1062.72
18,34,310.51
18,35,924.51
18,36,1442.72
18,37,1671.31
18,38,1395.18
18,39,1065.86
18,40,969.96
18,41,338.63
18,42,2048.42
18,43,1583.93
18,44,706.05
18,45,1377.13
18,46,1753.72
18,47,1903.5
18,48,502.56
18,49,423.58
18,50,1590.82
19,1,695.35
19,2,946.49
19,3,605.84
19,4,2094.77
19,5,988.97
19,6,993.79
19,7,455.37
19,8,1792.62
19,9,2209.24
19,10,520.25
19,11,1063.94
19,12,2024.7
19,13,713.26
19,14,1085.37
19,15,2193.44
19,16,947.16
19,17,947.16
19,18,1188.53
19,19,0
19,20,518.31
19,21,881.56
19,22,2196.94
19,23,655.78
19,24,448.94
19,25,2097.33
19,26,2105.9
19,27,121.59
19,28,947.13
19,29,621.95
19,30,1114.49
19,31,374.6
19,32,1072.2
19,33,2095.67
19,34,1009.31
19,35,1504.3
19,36,1090.52
19,37,2193.44
19,38,2143.28
19,39,2095.5
19,40,1539.71
19,41,851.72
19,42,907.35
19,43,1254.6
19,44,1748.02
19,45,2226.4
19,46,708.03
19,47,795.98
19,48,999.05
19,49,965.98
19,50,457.55
20,1,1162.83
20,2,1396.22
20,3,1069.22
20,4,1873.66
20,5,956.27
20,6,955.89
20,7,778.68
20,8,1423.13
20,9,1938.53
20,10,6.31
20,11,1394.65
20,12,1755.62
20,13,1091.4
20,14,871.54
20,15,1672.53
20,16,929.59
20,17,929.59
20,18,1121.93
20,19,518.31
20,20,0
20,21,1220.72
20,22,1937.29
20,23,1111.67
20,24,772.11
20,25,1874.69
20,26,1884.13
20,27,387.02
20,28,1396.35
20,29,1103.06
20,30,1011.17
20,31,846.77
20,32,858.95
20,33,1875.48
20,34,966.87
20,35,1233.91
20,36,1549.81
20,37,1672.53
20,38,1872.42
20,39,1873.4
20,40,1286.02
20,41,796.33
20,42,1223.33
20,43,1708.02
20,44,1633.45
20,45,1964.65
20,46,1160.88
20,47,1165.5
20,48,1061.51
20,49,981.46
20,50,777.77
21,1,329.73
21,2,1123.49
21,3,567.45
21,4,2919.16
21,5,1753.56
21,6,1760.31
21,7,465.3
21,8,2631.43
21,9,3041.03
21,10,1224.63
21,11,264.51
21,12,2855.78
21,13,229.33
21,14,1943.28
21,15,2888.92
21,16,1699.88
21,17,1699.88
21,18,1984.56
21,19,881.56
21,20,1220.72
21,21,0
21,22,3028.07
21,23,350.85
21,24,473.05
21,25,2921.47
21,26,2946.7
21,27,972.17
21,28,1125.84
21,29,326.19
21,30,1917.91
21,31,564.37
21,32,1930.17
21,33,2920.14
21,34,1775.43
21,35,2340.03
21,36,1305.58
21,37,2888.92
21,38,2972.12
21,39,2919.76
21,40,2383.3
21,41,1647.8
21,42,84.24
21,43,1438.17
21,44,2575.91
21,45,3063.17
21,46,263.49
21,47,101.77
21,48,1722.06
21,49,1712.23
21,50,465.19
22,1,2805.82
22,2,2524.34
22,3,2647.69
22,4,205.59
22,5,1519.39
22,6,1509.04
22,7,2606.81
22,8,702.87
22,9,159.43
22,10,1932.05
22,11,3200.28
22,12,331.88
22,13,2874.38
22,14,1115.93
22,15,792.95
22,16,1591.46
22,17,1591.46
22,18,1196.96
22,19,2196.94
22,20,1937.29
22,21,3028.07
22,22,0
22,23,2770.46
22,24,2599.48
22,25,198.04
22,26,189.81
22,27,2064.6
22,28,2522.68
22,29,2749.81
22,30,1199.32
22,31,2516.85
22,32,1132.32
22,33,209.68
22,34,1499.51
22,35,705.13
22,36,2637.01
22,37,792.95
22,38,247.64
22,39,200.84
22,40,751.53
22,41,1423.37
22,42,3048.1
22,43,2782.14
22,44,561.23
22,45,225.5
22,46,2822.01
22,47,2943.54
22,48,1700.16
22,49,1624.38
22,50,2607.35
23,1,85.94
23,2,806.58
23,3,206.96
23,4,2647.49
23,5,1406.22
23,6,1413.21
23,7,339.75
23,8,2403.75
23,9,2792.48
23,10,1115.16
23,11,586.04
23,12,2627.98
23,13,282.9
23,14,1663.11
23,15,2781.05
23,16,1353.91
23,17,1353.91
23,18,1694.4
23,19,655.78
23,20,1111.67
23,21,350.85
23,22,2770.46
23,23,0
23,24,318.91
23,25,2650.31
23,26,2656.72
23,27,733.98
23,28,808.64
23,29,23.57
23,30,1636.06
23,31,233.29
23,32,1649.8
23,33,2648.2
23,34,1428.13
23,35,2108.27
23,36,990.4
23,37,2781.05
23,38,2742.06
23,39,2648.4
23,40,2149.87
23,41,1363.32
23,42,427.36
23,43,1127.21
23,44,2289.71
23,45,2827.53
23,46,90.67
23,47,247.71
23,48,1374.71
23,49,1369.49
23,50,345.97
24,1,403.34
24,2,1042.45
24,3,414.79
24,4,2517.09
24,5,1372.51
24,6,1378.09
24,7,7.51
24,8,2207.39
24,9,2610.75
24,10,775.69
24,11,660.64
24,12,2424.51
24,13,290.08
24,14,1514.17
24,15,2441.9
24,16,1314.38
24,17,1314.38
24,18,1581.94
24,19,448.94
24,20,772.11
24,21,473.05
24,22,2599.48
24,23,318.91
24,24,0
24,25,2519.25
24,26,2525.91
24,27,537.79
24,28,1044.25
24,29,337.73
24,30,1514.89
24,31,214.57
24,32,1501.23
24,33,2518.17
24,34,1393.05
24,35,1907.73
24,36,1229.04
24,37,2441.9
24,38,2539.21
24,39,2517.58
24,40,1949
24,41,1245.73
24,42,461.12
24,43,1357.08
24,44,2173.59
24,45,2628.57
24,46,374.93
24,47,416.62
24,48,1350.66
24,49,1329.02
24,50,9.54
25,1,2680.09
25,2,2375.12
25,3,2529.23
25,4,8.52
25,5,1377.32
25,6,1367.36
25,7,2526.3
25,8,821.33
25,9,350.64
25,10,1869.54
25,11,3115.49
25,12,453.16
25,13,2783.55
25,14,1003.77
25,15,978.25
25,16,1453.37
25,17,1453.37
25,18,1068.56
25,19,2097.33
25,20,1874.69
25,21,2921.47
25,22,198.04
25,23,2650.31
25,24,2519.25
25,25,0
25,26,15.37
25,27,1989.8
25,28,2373.36
25,29,2621.59
25,30,1095.54
25,31,2406.55
25,32,1017.62
25,33,14.46
25,34,1356.79
25,35,666.69
25,36,2496.32
25,37,978.25
25,38,413.73
25,39,3
25,40,706.67
25,41,1305.95
25,42,2977.77
25,43,2634.96
25,44,370.11
25,45,378.23
25,46,2699.51
25,47,2845.6
25,48,1538.99
25,49,1478.96
25,50,2527.3
26,1,2695.35
26,2,2381.77
26,3,2536.42
26,4,19.65
26,5,1387.64
26,6,1377.72
26,7,2532.93
26,8,835.44
26,9,339.45
26,10,1878.99
26,11,3130.59
26,12,479.24
26,13,2798.97
26,14,1013.2
26,15,961.69
26,16,1463.46
26,17,1463.46
26,18,1080.4
26,19,2105.9
26,20,1884.13
26,21,2946.7
26,22,189.81
26,23,2656.72
26,24,2525.91
26,25,15.37
26,26,0
26,27,1998.44
26,28,2380.01
26,29,2636.79
26,30,1104.46
26,31,2421.85
26,32,1026.99
26,33,22.54
26,34,1367.16
26,35,692.08
26,36,2503.17
26,37,961.69
26,38,398.52
26,39,17.73
26,40,732.42
26,41,1316.76
26,42,2983.09
26,43,2649.87
26,44,383.6
26,45,368.67
26,46,2714.73
26,47,2860.89
26,48,1553.92
26,49,1493.96
26,50,2533.92
27,1,778.8
27,2,1024.28
27,3,685.79
27,4,1987.54
27,5,928.08
27,6,931.55
27,7,544.72
27,8,1675.82
27,9,2080.66
27,10,388.75
27,11,1136.9
27,12,1897.34
27,13,807.36
27,14,987.06
27,15,2050.48
27,16,895.01
27,17,895.01
27,18,1130.09
27,19,121.59
27,20,387.02
27,21,972.17
27,22,2064.6
27,23,733.98
27,24,537.79
27,25,1989.8
27,26,1998.44
27,27,0
27,28,1024.71
27,29,718.16
27,30,1057.62
27,31,462.69
27,32,974.1
27,33,1988.59
27,34,946.01
27,35,1379.4
27,36,1170.14
27,37,2050.48
27,38,2015.04
27,39,1988.09
27,40,1420.7
27,41,793.33
27,42,992.17
27,43,1336.51
27,44,1693.7
27,45,2106.11
27,46,787.11
27,47,888.41
27,48,951.67
27,49,914.37
27,50,545.94
28,1,816.51
28,2,2.6
28,3,661.19
28,4,2368.46
28,5,1002.26
28,6,1011.86
28,7,1044.93
28,8,2460.87
28,9,2664.59
28,10,1396.58
28,11,1366.13
28,12,2648.55
28,13,1062.96
28,14,1686.2
28,15,2879
28,16,928.56
28,17,928.56
28,18,1317.55
28,19,947.13
28,20,1396.35
28,21,1125.84
28,22,2522.68
28,23,808.64
28,24,1044.25
28,25,2373.36
28,26,2380.01
28,27,1024.71
28,28,0
28,29,850.11
28,30,1373.6
28,31,843.61
28,32,1673.05
28,33,2367.8
28,34,1022.9
28,35,2162.94
28,36,187.24
28,37,2879
28,38,2712.01
28,39,2370.78
28,40,2190.11
28,41,1125.48
28,42,1209.6
28,43,314.53
28,44,2007.63
28,45,2697.62
28,46,870.17
28,47,1032.73
28,48,897.18
28,49,910.23
28,50,1051.08
29,1,86.12
29,2,847.99
29,3,223.59
29,4,2618.87
29,5,1432.22
29,6,1439.2
29,7,365.78
29,8,2391.03
29,9,2778.73
29,10,1106.58
29,11,579.77
29,12,2605.6
29,13,205.52
29,14,1647.8
29,15,2772.42
29,16,1375.74
29,17,1375.74
29,18,1667.85
29,19,621.95
29,20,1103.06
29,21,326.19
29,22,2749.81
29,23,23.57
29,24,337.73
29,25,2621.59
29,26,2636.79
29,27,718.16
29,28,850.11
29,29,0
29,30,1604.18
29,31,248.65
29,32,1634.74
29,33,2619.59
29,34,1454.17
29,35,2085.12
29,36,1032.39
29,37,2772.42
29,38,2718.56
29,39,2619.73
29,40,2133.99
29,41,1330.54
29,42,406.43
29,43,1162.32
29,44,2268.14
29,45,2803.56
29,46,80.3
29,47,221.95
29,48,1392.51
29,49,1387.08
29,50,372.08
30,1,1658.32
30,2,1375.23
30,3,1496
30,4,1090.95
30,5,364.44
30,6,354.96
30,7,1521.34
30,8,1214.01
30,9,1343
30,10,1006.25
30,11,2152.57
30,12,1330.21
30,13,1758.13
30,14,451.12
30,15,1636.19
30,16,440.18
30,17,440.18
30,18,106
30,19,1114.49
30,20,1011.17
30,21,1917.91
30,22,1199.32
30,23,1636.06
30,24,1514.89
30,25,1095.54
30,26,1104.46
30,27,1057.62
30,28,1373.6
30,29,1604.18
30,30,0
30,31,1386.55
30,32,444.36
30,33,1090.68
30,34,354.31
30,35,883.93
30,36,1496.82
30,37,1636.19
30,38,1394.25
30,39,1092.98
30,40,931.58
30,41,258.49
30,42,1975.92
30,43,1639.43
30,44,734.88
30,45,1378.82
30,46,1684.47
30,47,1832.63
30,48,568.96
30,49,485.98
30,50,1523.58
31,1,317.29
31,2,841.9
31,3,195.51
31,4,2403.84
31,5,1234.46
31,6,1240.94
31,7,219.48
31,8,2131.24
31,9,2533.89
31,10,849.79
31,11,811.8
31,12,2350.06
31,13,409.63
31,14,1425.89
31,15,2510.43
31,16,1176.62
31,17,1176.62
31,18,1456.96
31,19,374.6
31,20,846.77
31,21,564.37
31,22,2516.85
31,23,233.29
31,24,214.57
31,25,2406.55
31,26,2421.85
31,27,462.69
31,28,843.61
31,29,248.65
31,30,1386.55
31,31,0
31,32,1412.82
31,33,2404.59
31,34,1256.13
31,35,1831.99
31,36,1031
31,37,2510.43
31,38,2469.25
31,39,2404.69
31,40,1875.95
31,41,1114.4
31,42,639.89
31,43,1155.77
31,44,2047.29
31,45,2552.19
31,46,330.46
31,47,471.38
31,48,1210.85
31,49,1190.71
31,50,225.59
32,1,1689.72
32,2,1674.24
32,3,1574.45
32,4,1015.94
32,5,772.25
32,6,763.7
32,7,1508.01
32,8,832.9
32,9,1142.48
32,10,853.75
32,11,2098.16
32,12,1003.98
32,13,1774.9
32,14,13.03
32,15,1251.2
32,16,813.34
32,17,813.34
32,18,540.58
32,19,1072.2
32,20,858.95
32,21,1930.17
32,22,1132.32
32,23,1649.8
32,24,1501.23
32,25,1017.62
32,26,1026.99
32,27,974.1
32,28,1673.05
32,29,1634.74
32,30,444.36
32,31,1412.82
32,32,0
32,33,1017.43
32,34,762.68
32,35,511.88
32,36,1828.67
32,37,1251.2
32,38,1125.89
32,39,1016.07
32,40,567.34
32,41,605.28
32,42,1950.37
32,43,1968.64
32,44,790.16
32,45,1201.47
32,46,1703.7
32,47,1849.71
32,48,964.49
32,49,889.42
32,50,1508.71
33,1,2677.84
33,2,2369.57
33,3,2526.44
33,4,5.82
33,5,1371.4
33,6,1361.44
33,7,2525.21
33,8,830.6
33,9,361.54
33,10,1870.32
33,11,3115.04
33,12,464.02
33,13,2782.23
33,14,1003.66
33,15,989.39
33,16,1447.8
33,17,1447.8
33,18,1062.72
33,19,2095.67
33,20,1875.48
33,21,2920.14
33,22,209.68
33,23,2648.2
33,24,2518.17
33,25,14.46
33,26,22.54
33,27,1988.59
33,28,2367.8
33,29,2619.59
33,30,1090.68
33,31,2404.59
33,32,1017.43
33,33,0
33,34,1350.8
33,35,671.28
33,36,2489.77
33,37,989.39
33,38,424.67
33,39,10.88
33,40,711.72
33,41,1301.62
33,42,2976.77
33,43,2628.22
33,44,363.48
33,45,389.21
33,46,2697.48
33,47,2844.05
33,48,1532.56
33,49,1473.03
33,50,2526.24
34,1,1479.31
34,2,1024.72
34,3,1231.02
34,4,1351.61
34,5,24.72
34,6,17.08
34,7,1398.77
34,8,1537.85
34,9,1644.2
34,10,963.31
34,11,2018.1
34,12,1640.6
34,13,1627.6
34,14,772.24
34,15,1956.84
34,16,118.36
34,17,118.36
34,18,310.51
34,19,1009.31
34,20,966.87
34,21,1775.43
34,22,1499.51
34,23,1428.13
34,24,1393.05
34,25,1356.79
34,26,1367.16
34,27,946.01
34,28,1022.9
34,29,1454.17
34,30,354.31
34,31,1256.13
34,32,762.68
34,33,1350.8
34,34,0
34,35,1204.63
34,36,1142.8
34,37,1956.84
34,38,1694.83
34,39,1354.11
34,40,1258.91
34,41,210.82
34,42,1850.6
34,43,1284.73
34,44,989.42
34,45,1677.47
34,46,1514.19
34,47,1694.82
34,48,203.31
34,49,126.07
34,50,1402.21
35,1,2144.83
35,2,2164.21
35,3,2040.97
35,4,668.37
35,5,1219.01
35,6,1209.09
35,7,1914.68
35,8,333.48
35,9,698.76
35,10,1229.04
35,11,2501.05
35,12,517.35
35,13,2181.01
35,14,496.15
35,15,752.63
35,16,1268.43
35,17,1268.43
35,18,924.51
35,19,1504.3
35,20,1233.91
35,21,2340.03
35,22,705.13
35,23,2108.27
35,24,1907.73
35,25,666.69
35,26,692.08
35,27,1379.4
35,28,2162.94
35,29,2085.12
35,30,883.93
35,31,1831.99
35,32,511.88
35,33,671.28
35,34,1204.63
35,35,0
35,36,2325.3
35,37,752.63
35,38,634.56
35,39,666.55
35,40,32.92
35,41,1095.23
35,42,2356.99
35,43,2461.54
35,44,658.68
35,45,725.56
35,46,2155
35,47,2256.17
35,48,1407.27
35,49,1329.87
35,50,1914.69
36,1,996.79
36,2,188.97
36,3,844.03
36,4,2490.78
36,5,1122.23
36,6,1132.79
36,7,1229.69
36,8,2619.82
36,9,2782.67
36,10,1549.65
36,11,1545.89
36,12,2776.82
36,13,1241.88
36,14,1841.77
36,15,3033.83
36,16,1055.58
36,17,1055.58
36,18,1442.72
36,19,1090.52
36,20,1549.81
36,21,1305.58
36,22,2637.01
36,23,990.4
36,24,1229.04
36,25,2496.32
36,26,2503.17
36,27,1170.14
36,28,187.24
36,29,1032.39
36,30,1496.82
36,31,1031
36,32,1828.67
36,33,2489.77
36,34,1142.8
36,35,2325.3
36,36,0
36,37,3033.83
36,38,2836.59
36,39,2493.5
36,40,2348.81
36,41,1284.11
36,42,1390.13
36,43,213.01
36,44,2125
36,45,2815.32
36,46,1051.13
36,47,1213.83
36,48,1010.11
36,49,1026.93
36,50,1235.81
37,1,2833.23
37,2,2880.03
37,3,2731.94
37,4,985.18
37,5,1970.48
37,6,1960.76
37,7,2448.75
37,8,419.17
37,9,638.06
37,10,1668.99
37,11,2988.3
37,12,553.63
37,13,2757.9
37,14,1237.95
37,15,0
37,16,2012.9
37,17,2012.9
37,18,1671.31
37,19,2193.44
37,20,1672.53
37,21,2888.92
37,22,792.95
37,23,2781.05
37,24,2441.9
37,25,978.25
37,26,961.69
37,27,2050.48
37,28,2879
37,29,2772.42
37,30,1636.19
37,31,2510.43
37,32,1251.2
37,33,989.39
37,34,1956.84
37,35,752.63
37,36,3033.83
37,37,0
37,38,568.2
37,39,980.64
37,40,731.04
37,41,1841.35
37,42,2885.13
37,43,3179.96
37,44,1268.46
37,45,642.97
37,46,2832.96
37,47,2835.65
37,48,2155.44
37,49,2078.81
37,50,2447.37
38,1,2777.08
38,2,2713.53
38,3,2674.26
38,4,420.86
38,5,1713.51
38,6,1703
38,7,2546.31
38,8,528.79
38,9,73.4
38,10,1867.67
38,11,3141.86
38,12,117.82
38,13,2816.22
38,14,1110.35
38,15,568.2
38,16,1779.17
38,17,1779.17
38,18,1395.18
38,19,2143.28
38,20,1872.42
38,21,2972.12
38,22,247.64
38,23,2742.06
38,24,2539.21
38,25,413.73
38,26,398.52
38,27,2015.04
38,28,2712.01
38,29,2718.56
38,30,1394.25
38,31,2469.25
38,32,1125.89
38,33,424.67
38,34,1694.83
38,35,634.56
38,36,2836.59
38,37,568.2
38,38,0
38,39,416.4
38,40,660.17
38,41,1613.76
38,42,2985.51
38,43,2977.91
38,44,778.3
38,45,113.68
38,46,2788.08
38,47,2895.33
38,48,1905.43
38,49,1825.04
38,50,2546.24
39,1,2678.18
39,2,2372.54
39,3,2527.15
39,4,5.22
39,5,1374.65
39,6,1364.69
39,7,2524.63
39,8,822.7
39,9,353.44
39,10,1868.24
39,11,3113.97
39,12,455.46
39,13,2781.81
39,14,1002.24
39,15,980.64
39,16,1450.76
39,17,1450.76
39,18,1065.86
39,19,2095.5
39,20,1873.4
39,21,2919.76
39,22,200.84
39,23,2648.4
39,24,2517.58
39,25,3
39,26,17.73
39,27,1988.09
39,28,2370.78
39,29,2619.73
39,30,1092.98
39,31,2404.69
39,32,1016.07
39,33,10.88
39,34,1354.11
39,35,666.55
39,36,2493.5
39,37,980.64
39,38,416.4
39,39,0
39,40,706.64
39,41,1303.58
39,42,2976.11
39,43,2632.13
39,44,367.43
39,45,381.22
39,46,2697.65
39,47,2843.83
39,48,1536.23
39,49,1476.3
39,50,2525.63
40,1,2188.62
40,2,2191.35
40,3,2083.24
40,4,708.66
40,5,1273.15
40,6,1263.09
40,7,1956.12
40,8,301.66
40,9,730.09
40,10,1280.98
40,11,2551.38
40,12,549.09
40,13,2228.26
40,14,550.73
40,15,731.04
40,16,1325.83
40,17,1325.83
40,18,969.96
40,19,1539.71
40,20,1286.02
40,21,2383.3
40,22,751.53
40,23,2149.87
40,24,1949
40,25,706.67
40,26,732.42
40,27,1420.7
40,28,2190.11
40,29,2133.99
40,30,931.58
40,31,1875.95
40,32,567.34
40,33,711.72
40,34,1258.91
40,35,32.92
40,36,2348.81
40,37,731.04
40,38,660.17
40,39,706.64
40,40,0
40,41,1148.08
40,42,2398.57
40,43,2485.69
40,44,688.5
40,45,753.03
40,46,2198.12
40,47,2306.72
40,48,1461.55
40,49,1385.66
40,50,1956.02
41,1,1384.96
41,2,1126.97
41,3,1230.99
41,4,1301.76
41,5,206.99
41,6,202.79
41,7,1251.8
41,8,1419.83
41,9,1565.36
41,10,792.36
41,11,1884.25
41,12,1555.79
41,13,1489.84
41,14,617.41
41,15,1841.35
41,16,239.33
41,17,239.33
41,18,338.63
41,19,851.72
41,20,796.33
41,21,1647.8
41,22,1423.37
41,23,1363.32
41,24,1245.73
41,25,1305.95
41,26,1316.76
41,27,793.33
41,28,1125.48
41,29,1330.54
41,30,258.49
41,31,1114.4
41,32,605.28
41,33,1301.62
41,34,210.82
41,35,1095.23
41,36,1284.11
41,37,1841.35
41,38,1613.76
41,39,1303.58
41,40,1148.08
41,41,0
41,42,1704.23
41,43,1422.27
41,44,942.97
41,45,1602.44
41,46,1412.85
41,47,1560.86
41,48,386.34
41,49,306.31
41,50,1254.44
42,1,405.61
42,2,1207.28
42,3,649.83
42,4,2975.65
42,5,1828.48
42,6,1835.05
42,7,453.63
42,8,2674.93
42,9,3056.63
42,10,1227.5
42,11,206.63
42,12,2877.16
42,13,227.84
42,14,1963.5
42,15,2885.13
42,16,1768.12
42,17,1768.12
42,18,2048.42
42,19,907.35
42,20,1223.33
42,21,84.24
42,22,3048.1
42,23,427.36
42,24,461.12
42,25,2977.77
42,26,2983.09
42,27,992.17
42,28,1209.6
42,29,406.43
42,30,1975.92
42,31,639.89
42,32,1950.37
42,33,2976.77
42,34,1850.6
42,35,2356.99
42,36,1390.13
42,37,2885.13
42,38,2985.51
42,39,2976.11
42,40,2398.57
42,41,1704.23
42,42,0
42,43,1523.06
42,44,2633.43
42,45,3079.25
42,46,341.43
42,47,157.47
42,48,1798.35
42,49,1789.88
42,50,452.23
43,1,1127.69
43,2,315.04
43,3,978.12
43,4,2629.34
43,5,1265.68
43,6,1275.81
43,7,1356.81
43,8,2754.49
43,9,2929.09
43,10,1708.08
43,11,1677.28
43,12,2923.26
43,13,1370.15
43,14,1981.23
43,15,3179.96
43,16,1203.36
43,17,1203.36
43,18,1583.93
43,19,1254.6
43,20,1708.02
43,21,1438.17
43,22,2782.14
43,23,1127.21
43,24,1357.08
43,25,2634.96
43,26,2649.87
43,27,1336.51
43,28,314.53
43,29,1162.32
43,30,1639.43
43,31,1155.77
43,32,1968.64
43,33,2628.22
43,34,1284.73
43,35,2461.54
43,36,213.01
43,37,3179.96
43,38,2977.91
43,39,2632.13
43,40,2485.69
43,41,1422.27
43,42,1523.06
43,43,0
43,44,2264.68
43,45,2969.16
43,46,1184.26
43,47,1341.26
43,48,1149.85
43,49,1168.2
43,50,1362.95
44,1,2320.91
44,2,2009.47
44,3,2168.58
44,4,364.68
44,5,1011.05
44,6,1000.89
44,7,2180.4
44,8,924.82
44,9,726.17
44,10,1628.04
44,11,2811.64
44,12,755.15
44,13,2427
44,14,778.69
44,15,1268.46
44,16,1089.95
44,17,1089.95
44,18,706.05
44,19,1748.02
44,20,1633.45
44,21,2575.91
44,22,561.23
44,23,2289.71
44,24,2173.59
44,25,370.11
44,26,383.6
44,27,1693.7
44,28,2007.63
44,29,2268.14
44,30,734.88
44,31,2047.29
44,32,790.16
44,33,363.48
44,34,989.42
44,35,658.68
44,36,2125
44,37,1268.46
44,38,778.3
44,39,367.43
44,40,688.5
44,41,942.97
44,42,2633.43
44,43,2264.68
44,44,0
44,45,741.74
44,46,2344.46
44,47,2495.26
44,48,1173.55
44,49,1114.14
44,50,2182.02
45,1,2870.51
45,2,2699.18
45,3,2755.99
45,4,385.7
45,5,1696.39
45,6,1686.15
45,7,2635.69
45,8,631.99
45,9,53.78
45,10,1959.82
45,11,3229.33
45,12,233.97
45,13,2907.02
45,14,1185.92
45,15,642.97
45,16,1769.35
45,17,1769.35
45,18,1377.13
45,19,2226.4
45,20,1964.65
45,21,3063.17
45,22,225.5
45,23,2827.53
45,24,2628.57
45,25,378.23
45,26,368.67
45,27,2106.11
45,28,2697.62
45,29,2803.56
45,30,1378.82
45,31,2552.19
45,32,1201.47
45,33,389.21
45,34,1677.47
45,35,725.56
45,36,2815.32
45,37,642.97
45,38,113.68
45,39,381.22
45,40,753.03
45,41,1602.44
45,42,3079.25
45,43,2969.16
45,44,741.74
45,45,0
45,46,2883.02
45,47,2984.64
45,48,1886.12
45,49,1804.88
45,50,2635.78
46,1,52.38
46,2,867.95
46,3,293.27
46,4,2696.77
46,5,1492.26
46,6,1499.36
46,7,376.74
46,8,2453.99
46,9,2849.34
46,10,1164.41
46,11,504.89
46,12,2675.15
46,13,248.92
46,14,1716.71
46,15,2832.96
46,16,1433.16
46,17,1433.16
46,18,1753.72
46,19,708.03
46,20,1160.88
46,21,263.49
46,22,2822.01
46,23,90.67
46,24,374.93
46,25,2699.51
46,26,2714.73
46,27,787.11
46,28,870.17
46,29,80.3
46,30,1684.47
46,31,330.46
46,32,1703.7
46,33,2697.48
46,34,1514.19
46,35,2155
46,36,1051.13
46,37,2832.96
46,38,2788.08
46,39,2697.65
46,40,2198.12
46,41,1412.85
46,42,341.43
46,43,1184.26
46,44,2344.46
46,45,2883.02
46,46,0
46,47,164.9
46,48,1454.16
46,49,1452.11
46,50,380.99
47,1,225.19
47,2,1030.44
47,3,478.28
47,4,2843.14
47,5,1672.65
47,6,1679.55
47,7,408.48
47,8,2560.37
47,9,2961.57
47,10,1169.28
47,11,347.76
47,12,2779.86
47,13,134.77
47,14,1862.91
47,15,2835.65
47,16,1615.45
47,17,1615.45
47,18,1903.5
47,19,795.98
47,20,1165.5
47,21,101.77
47,22,2943.54
47,23,247.71
47,24,416.62
47,25,2845.6
47,26,2860.89
47,27,888.41
47,28,1032.73
47,29,221.95
47,30,1832.63
47,31,471.38
47,32,1849.71
47,33,2844.05
47,34,1694.82
47,35,2256.17
47,36,1213.83
47,37,2835.65
47,38,2895.33
47,39,2843.83
47,40,2306.72
47,41,1560.86
47,42,157.47
47,43,1341.26
47,44,2495.26
47,45,2984.64
47,46,164.9
47,47,0
47,48,1637.77
47,49,1627.67
47,50,409.57
48,1,1413.85
48,2,899.26
48,3,1168.93
48,4,1533.56
48,5,186.64
48,6,200.92
48,7,1355.78
48,8,1741.65
48,9,1848.82
48,10,1058.48
48,11,1962.01
48,12,1849.35
48,13,1585.68
48,14,974.89
48,15,2155.44
48,16,151.54
48,17,151.54
48,18,502.56
48,19,999.05
48,20,1061.51
48,21,1722.06
48,22,1700.16
48,23,1374.71
48,24,1350.66
48,25,1538.99
48,26,1553.92
48,27,951.67
48,28,897.18
48,29,1392.51
48,30,568.96
48,31,1210.85
48,32,964.49
48,33,1532.56
48,34,203.31
48,35,1407.27
48,36,1010.11
48,37,2155.44
48,38,1905.43
48,39,1536.23
48,40,1461.55
48,41,386.34
48,42,1798.35
48,43,1149.85
48,44,1173.55
48,45,1886.12
48,46,1454.16
48,47,1637.77
48,48,0
48,49,89.1
48,50,1359.86
49,1,1413.84
49,2,912.11
49,3,1166.45
49,4,1473.83
49,5,103.26
49,6,115
49,7,1334.47
49,8,1663.62
49,9,1772.79
49,10,978.3
49,11,1959.48
49,12,1765.72
49,13,1564.28
49,14,900.32
49,15,2078.81
49,16,63.82
49,17,63.82
49,18,423.58
49,19,965.98
49,20,981.46
49,21,1712.23
49,22,1624.38
49,23,1369.49
49,24,1329.02
49,25,1478.96
49,26,1493.96
49,27,914.37
49,28,910.23
49,29,1387.08
49,30,485.98
49,31,1190.71
49,32,889.42
49,33,1473.03
49,34,126.07
49,35,1329.87
49,36,1026.93
49,37,2078.81
49,38,1825.04
49,39,1476.3
49,40,1385.66
49,41,306.31
49,42,1789.88
49,43,1168.2
49,44,1114.14
49,45,1804.88
49,46,1452.11
49,47,1627.67
49,48,89.1
49,49,0
49,50,1338.32
50,1,407.02
50,2,1049.27
50,3,421.14
50,4,2525.15
50,5,1381.67
50,6,1387.24
50,7,6.14
50,8,2213.81
50,9,2618.07
50,10,781.38
50,11,650.6
50,12,2431.45
50,13,295.34
50,14,1521.64
50,15,2447.37
50,16,1323.77
50,17,1323.77
50,18,1590.82
50,19,457.55
50,20,777.77
50,21,465.19
50,22,2607.35
50,23,345.97
50,24,9.54
50,25,2527.3
50,26,2533.92
50,27,545.94
50,28,1051.08
50,29,372.08
50,30,1523.58
50,31,225.59
50,32,1508.71
50,33,2526.24
50,34,1402.21
50,35,1914.69
50,36,1235.81
50,37,2447.37
50,38,2546.24
50,39,2525.63
50,40,1956.02
50,41,1254.44
50,42,452.23
50,43,1362.95
50,44,2182.02
50,45,2635.78
50,46,380.99
50,47,409.57
50,48,1359.86
50,49,1338.32
50,50,0
